stop_id,stop_city
801495,
801525,
801544,
801545,
801547,
801548,
801549,
801550,
801604,
801607,
801622,
801629,
801640,
801653,
801670,
801677,
801700,
801701,
801709,
801710,
801711,
801716,
801717,
801718,
801744,
801762,
801764,
801770,
801777,
801796,
801798,
801813,
801820,
801821,
801822,
801824,
801825,
801826,
801827,
801828,
801832,
801833,
801834,
801835,
801849,
801851,
801852,
801863,
801864,
801865,
801866,
801873,
801918,
801922,
801924,
801963,
801964,
801965,
801966,
801967,
801968,
801969,
801970,
801971,
801988,
802008,
802009,
802010,
802015,
802018,
802021,
802022,
802032,
802035,
802038,
802039,
802040,
802048,
802052,
802054,
802056,
802058,
802061,
802063,
802064,
802065,
802066,
802221,
802475,
802549,
802550,
802551,
805272,
805273,
805274,
805275,
801495,
801525,
801544,
801545,
801547,
801548,
801549,
801550,
801604,
801607,
801622,
801629,
801640,
801653,
801670,
801677,
801700,
801701,
801709,
801710,
801711,
801716,
801717,
801718,
801744,
801762,
801764,
801770,
801777,
801796,
801798,
801813,
801820,
801821,
801822,
801824,
801825,
801826,
801827,
801828,
801832,
801833,
801834,
801835,
801849,
801851,
801852,
801863,
801864,
801865,
801866,
801873,
801918,
801922,
801924,
801963,
801964,
801965,
801966,
801967,
801968,
801969,
801970,
801971,
801988,
802008,
802009,
802010,
802015,
802018,
802021,
802022,
802032,
802035,
802038,
802039,
802040,
802048,
802052,
802054,
802056,
802058,
802061,
802063,
802064,
802065,
802066,
802221,
802475,
802549,
802550,
802551,
805272,
805273,
805274,
805275,
